1.879585849	0.3961687273	0.9812953394
-0.8902574978	0.252468171	0.9239321148
0.1407710386	0.3420792699	0.7343255448
-1.643139511	0.2959533782	0.5745871144
0.3175217682	0.2181865718	0.4996877602
1.328123264	0.2305033675	0.4322663481
1.546268458	0.2554932407	0.4197796542
1.585034819	0.3120922249	0.5995504495
1.407823159	0.5137812196	0.6145277028
0.5370306074	0.1643593517	0.6519683827
0.8593745144	0.2082216735	0.7118661822
-0.04213101277	0.2077890116	0.7293346843
0.7198009282	0.4330777207	0.7418117188
0.7443382021	0.1752081044	0.739316343
1.800761807	0.1312049171	0.8316348798
0.2773732865	0.80841184	0.8615714517
1.705381342	0.3153698931	0.8640660649
0.7029198805	0.2281768435	0.8715498112
1.164898092	0.3995947899	0.8640660649
-0.07908744373	0.452988042	0.8940002098
2.003521856	0.4995745738	0.9937645172
0.8586168282	0.4608023676	1.018701707
1.803095041	0.3864039101	1.018701707
1.877736255	0.684605124	1.041143848
2.003687489	0.6383317723	1.13837858
-0.07076283021	0.8172980052	1.225620399
0.4282827963	0.9626747273	1.350218571
0.403034401	0.8319079945	1.387590455
0.4558841597	0.4162577555	1.203188606
-0.3670458749	0.5064176099	0.9962583061
0.5070077549	0.9540476261	0.9713197173
0.3066006158	1.108232534	1.041143848
1.572875465	1.101646819	1.195711062
1.203061995	1.051127182	1.49221316
0.3142009476	0.9748160436	1.484741018
-0.07421008666	1.401651867	1.477268735
1.08197854	1.026527406	1.639136945
-0.1752061218	1.263263714	2.077097734
0.1712898653	1.397821748	2.238723443
-0.9797708384	1.281442026	2.228779131
-0.6480892632	1.401465002	2.136782524
-0.3565577758	1.38209511	1.967652484
0.4116776805	0.8172205656	1.673992296
-1.589807073	1.313293732	1.39008179
2.164560244	1.507493398	0.9638378375
0.0191266049	1.305402053	1.140871467
0.3002617342	1.012511888	1.367659218
-0.2882865428	0.8305773099	1.185740786
1.292448022	1.512664888	0.8865168836
1.717282631	0.6205531869	1.073558052
0.4148751932	0.9507066038	1.183248178
1.133223003	1.267058208	1.285432365
1.918623412	1.145700719	1.631667547
0.554808626	1.527680184	1.950237979
-1.048996876	1.926230166	2.631326144
0.4224340619	1.973180827	2.4922199
-1.38377688	1.869599039	2.323240113
-0.2811922221	2.335837227	2.80265841
-1.463970411	2.889737332	3.011137818
-0.8997465884	2.899086312	2.330696609
-1.732504131	2.247704445	1.571907334
0.2095145272	1.474515858	1.352710139
1.20028977	1.749756623	1.537043087
0.8419604065	1.66000945	1.350218571
1.7340587	1.051042376	1.205681089
0.2467438431	1.002289444	1.297892066
0.06604851762	1.28474108	1.31782678
0.2461937902	1.776687941	1.215650868
0.7080388911	1.594792932	1.163306756
1.460709901	1.401587481	1.287924336
1.329701186	1.209679198	1.452360119
-0.4525439466	2.138712921	1.624198008
-0.1258487117	1.441959165	1.686439899
3.350235045	1.89486431	1.815872017
0.5649469117	1.684142893	2.019891453
0.9093826088	2.024497839	2.387858461
-0.2437884978	1.806851405	2.509610827
-0.3096196362	2.420054989	2.536937897
0.3302084399	2.163293214	2.728175138
-0.1518850478	1.838446573	3.380673476
-0.08279068556	2.079309159	3.744914681
-2.47179158	2.35103019	3.159985183
-0.5003522747	2.209065542	2.452466372
1.471524202	2.571371693	3.943001905
1.569058545	2.600061819	4.121196573
-1.10698939	1.9622379	4.420483925
0.8313998536	1.864747774	4.371030386
-1.447396526	1.713221081	3.383152428
-1.911405683	1.366242607	3.541773419
0.1144260628	1.290654711	3.611150328
-0.7187623153	1.408766241	2.743072902
-0.2912438876	1.031359607	2.315783478
0.9822680947	0.7527515122	2.156675475
1.930225626	0.7386686669	2.193972092
1.660961607	1.058121889	2.358035905
1.752411909	0.7546418969	2.350579919
1.625367202	1.008377178	2.415193851
1.407559891	0.8516439379	2.631326144
0.6570303341	0.8848717247	2.837412525
0.5175973451	0.744829919	2.310812311
0.667551046	0.983892585	2.114401772
0.5828179729	0.6413831473	1.975115612
1.223200374	0.6019966637	1.970140209
0.4514393777	0.557442301	2.019891453
0.6421348571	0.4961437512	1.952725812
0.1644710566	0.3777500303	1.726269627
0.6698673275	0.4090695526	1.549494953
0.2538190457	0.5434743801	1.56443668
0.4590175535	0.6376379444	1.551985279
0.7954399079	0.6903118632	1.65905466
0.5870788166	0.7550047632	1.706355259
1.427373516	0.7940182397	1.726269627
0.2437768988	0.7803778354	1.661544305
1.033633748	0.9683570548	1.786006784
0.3131659629	1.188823919	1.990041449
1.055410894	0.8600423656	2.111914944
0.7431481011	1.037276049	2.353065263
0.4928363259	1.059965304	2.42513353
0.4731181027	0.7271615184	2.263583141
-0.06829016476	0.7098074802	2.146729123
0.8219407789	1.073318639	2.057200825
0.09821842547	1.114383528	2.054713642
-0.1950747137	0.8524597598	2.034815619
-1.17677741	0.7420688207	1.930334758
-0.7299283798	0.9743403399	1.604278558
0.5157904599	0.7311235137	1.462323751
0.2424802157	0.7794322565	1.4075207
0.08852216741	0.5911091975	1.203188606
0.9302012092	0.3706931363	1.00373958
0.8176364058	0.5998606555	0.9413913583
0.7221037969	0.4881326691	0.8141708448
0.7773914593	0.685097118	0.7592789132
-0.09559460541	0.5594927165	0.7592789132
0.3176436181	0.5938827343	0.7492977527
0.2130871361	0.5919297	0.7642694001
1.086066573	0.543660584	0.7468024236
0.6983902085	0.4777103687	0.8016960673
1.078322377	0.4815590933	0.9837892061
0.3121212504	0.5720883039	1.120927933
0.8676629424	0.5400908221	1.290416292
0.07818395888	0.5417041426	1.449869172
0.02108541881	0.4788972019	1.502175801
0.5663527079	0.4915189434	1.447378209
0.3941048324	0.480216202	1.427449951
0.460101879	0.4793972339	1.3377605
1.363652905	0.4139206794	1.307859547
0.598952298	0.3272700842	1.325302041
0.7374439223	0.5319083749	1.31782678
0.3416287498	0.5957588095	1.31782678
1.347831719	0.1982821031	1.377624961
0.9327799425	0.4357053911	1.380116358
0.5396262435	0.3319946424	1.375133549
0.6840121645	0.1419467006	1.377624961
0.6030402877	0.2361309978	1.372642121
0.9300397181	0.4222123892	1.380116358
1.271708967	0.2814340772	1.213158447
0.6063146093	0.3245122768	1.180755554
0.502357118	0.3770365475	1.185740786
0.9843708273	0.3531509344	1.270480212
1.293036397	0.5532420708	1.325302041
0.02672636478	0.6626505113	1.417485449
1.467470068	0.6210641648	1.56443668
-0.235096706	0.5829637584	1.62668787
0.2584576898	0.5373232963	1.614238407
-0.6662845423	0.6591533729	1.395064413
0.286230517	0.599645252	1.08103788
-0.7372697998	0.3924103299	0.8740443621
-0.06034941958	0.3133581406	0.5321458689
0.5007095789	0.3137121363	0.4322663481
0.2793634635	0.3485993046	0.4372609165
0.0751594544	0.4783398437	0.4347636401
-0.2041389192	0.5786267536	0.3598380971
0.2005522743	0.4877099146	0.3123779932
0.5589054531	0.3511959273	0.3123779932
1.328719088	0.5705055792	0.2549187533
0.836791887	0.6072056277	0.2499219075
0.2505051117	0.7110251219	0.2499219075
0.4600910713	0.8037389542	0.2524203382
0.635390493	0.6323212003	0.3573403373
0.7089850876	0.7723112799	0.4872031708
0.7991135886	0.7961815578	0.6170238572
0.1924184431	0.7172212572	0.7343255448
0.4834138423	0.9076698564	0.8640660649
0.2597482622	0.8183958756	0.9937645172
1.045766174	0.7059832493	1.113448851
-0.0290915225	0.8692687551	1.225620399
-0.1355694517	0.6961715078	1.310351379
0.5750100925	0.3568942206	1.310351379
0.0212365268	0.9463163384	1.312843194
0.3340117012	0.6928824147	1.310351379
0.3004439283	0.5450992301	1.265496037
0.3561580708	0.4042969195	1.123420929
-0.6954776842	0.3694613744	0.794211014
0.3273743277	0.4832831466	0.5221590391
-0.7904845126	0.7505556505	0.4847062062
-2.474581569	0.2417916348	0.127479684
-1.402182576	-0.07902639893	0.04499746894
-0.4371317389	-0.166158997	0.04499746894
0.09332453298	0.1187131634	-0.06718617352
0.8188430239	0.3158811756	-0.1032636618
0.2287362828	0.2868119188	-0.1224135324
0.7077553387	0.4873768099	-0.1243039818
0.5143763374	0.303547947	-0.1736975594
0.2703518327	0.5788679938	-0.2364024238
-0.4896437279	0.5105265522	-0.2579161881
0.4218439359	0.6591547167	-0.2774774224
-0.274910415	0.6004319302	-0.3311232218
0.8654406576	0.118567845	-0.3657680838
0.5832035403	0.5853357994	-0.3549536449
0.1943291573	0.4120114547	-0.3009721004
-0.10608111	0.5474348701	-0.3166172793
-0.1324981528	0.4997287524	-0.3494625918
0.7331387185	0.3965074318	-0.3518792768
0.02051032815	0.2151347541	-0.3136407972
0.6026247566	0.4889520526	-0.4161349908
0.6238266711	0.5274506581	-0.4990011828
-0.5875294232	0.378633816	-0.6290606431
1.043434557	0.5642380599	-0.7311686857
0.9692055867	0.4102442352	-0.7118328331
0.2685231002	0.09920020654	-0.6664550374
0.6628231444	-0.05475461289	-0.5045554091
0.3857558256	0.5729198438	-0.3693886969
0.1708333861	0.2647404424	-0.245985248
-0.04196042095	-0.00204955832	-0.02333907961
0.3554338707	-0.08714508156	0.08998987652
0.1000634613	0.677726138	0.09248930634
0.4901169527	0.2553812009	0.09998750208
0.3398149643	0.4825246569	0.1124841827
0.2752548034	0.50838335	0.1749617299
0.3505650197	0.2612541679	0.2374295201
0.5814457747	0.5124828545	0.2873967292
0.9202116199	0.6131202645	0.2998875562
0.6123183982	0.6340372482	0.3623358414
0.3345337415	0.7044808188	0.4347636401
0.4301595373	0.4308477548	0.4797122302
-0.04772900158	0.4299701171	0.5546153245
0.3553121351	0.3449716107	0.5995504495
0.6422703087	0.4950242422	0.5995504495
0.9450797931	0.31042942	0.5471256462
0.4591796382	0.3161648989	0.4097900185